100.00000	-34.55278
120.00000	-34.59389
140.00000	-29.41960
160.00000	-23.11078
179.00000	-6.64906
199.00000	-19.35876
219.00000	-24.02642
239.00000	-25.75883
259.00000	-25.99815
279.00000	-25.04127
298.00000	-22.75382
318.00000	-18.53645
338.00000	-10.52650
358.00000	-11.95468
378.00000	-18.69920
398.00000	-21.64170
417.00000	-22.76520
437.00000	-22.54969
457.00000	-21.04290
477.00000	-17.28012
497.00000	-11.08493
517.00000	-7.74735
536.00000	-15.98154
556.00000	-20.08455
576.00000	-21.97925
596.00000	-22.49707
616.00000	-21.66438
636.00000	-18.32544
656.00000	-10.06928
675.00000	-8.25892
695.00000	-11.95142
715.00000	-19.08327
735.00000	-22.42566
755.00000	-23.98952
775.00000	-24.24994
794.00000	-23.20328
814.00000	-20.55285
834.00000	-14.03092
854.00000	-8.82492
874.00000	-19.37420
894.00000	-23.71304
913.00000	-25.81632
933.00000	-26.49097
953.00000	-25.95855
973.00000	-23.76469
993.00000	-18.23476
1013.00000	-5.52162
1032.00000	-19.36721
1052.00000	-24.68560
1072.00000	-27.33193
1092.00000	-28.32855
1112.00000	-27.89321
1132.00000	-25.60542
1152.00000	-18.33816
1171.00000	-13.11039
1191.00000	-18.02241
1211.00000	-25.64740
1231.00000	-28.78344
1251.00000	-29.86670
1271.00000	-29.39703
1290.00000	-27.24638
1310.00000	-21.57319
1330.00000	-13.03866
1350.00000	-11.67699
1370.00000	-24.07227
1390.00000	-28.70017
1409.00000	-30.87225
1429.00000	-31.62244
1449.00000	-31.18470
1469.00000	-29.26240
1489.00000	-24.86109
1509.00000	-11.92669
1528.00000	-22.46067
1548.00000	-28.45642
1568.00000	-31.39201
1588.00000	-32.58861
1608.00000	-32.60085
1628.00000	-31.23178
1647.00000	-27.81978
1667.00000	-20.70677
1687.00000	-17.86323
1707.00000	-27.79545
1727.00000	-31.75041
1747.00000	-33.55328
1767.00000	-33.92270
1786.00000	-32.92052
1806.00000	-29.67893
1826.00000	-20.14647
1846.00000	-13.45544
1866.00000	-27.04905
1886.00000	-32.07877
1905.00000	-34.12622
1925.00000	-34.61120
1945.00000	-33.77470
1965.00000	-30.93681
1985.00000	-22.84290
2005.00000	-21.15644
2024.00000	-22.67173
2044.00000	-30.34346
2064.00000	-33.75263
2084.00000	-35.24080
2104.00000	-35.48454
2124.00000	-34.55031
2143.00000	-32.00232
2163.00000	-26.76815
2183.00000	-15.14549
2203.00000	-28.48300
2223.00000	-33.54171
2243.00000	-35.55701
2263.00000	-36.86221
2282.00000	-36.40301
2302.00000	-34.82479
2322.00000	-30.29742
2342.00000	-20.85164
2362.00000	-25.57466
2382.00000	-32.67549
2401.00000	-35.75651
2421.00000	-36.90009
2441.00000	-36.99463
2461.00000	-35.46765
2481.00000	-30.98517
2501.00000	-23.83581
2520.00000	-21.23242
2540.00000	-31.78522
2560.00000	-35.78360
2580.00000	-37.33588
2600.00000	-37.38693
2620.00000	-35.97103
2639.00000	-32.39875
2659.00000	-22.21609
2679.00000	-20.31444
2699.00000	-28.17405
2719.00000	-34.54723
2739.00000	-37.40016
2759.00000	-38.58103
2778.00000	-38.55602
2798.00000	-37.39141
2818.00000	-34.39292
2838.00000	-27.24908
2858.00000	-24.13846
2878.00000	-33.40622
2897.00000	-37.21299
2917.00000	-38.82557
2937.00000	-39.22350
2957.00000	-38.55338
2977.00000	-36.21340
2997.00000	-30.83280
3016.00000	-19.98639
3036.00000	-31.34921
3056.00000	-36.57689
3076.00000	-38.87637
3096.00000	-39.62182
3116.00000	-38.67518
3135.00000	-36.95189
3155.00000	-30.70745
3175.00000	-25.84881
3195.00000	-29.36830
3215.00000	-36.32999
3235.00000	-38.97217
3255.00000	-39.76495
3274.00000	-38.34751
3294.00000	-37.07315
3314.00000	-31.31408
3334.00000	-29.90132
3354.00000	-23.66766
3374.00000	-33.79238
3393.00000	-37.74574
3413.00000	-39.41744
3433.00000	-39.86675
3453.00000	-39.19749
3473.00000	-37.04245
3493.00000	-32.47508
3512.00000	-21.51210
3532.00000	-31.25310
3552.00000	-36.70535
3572.00000	-39.01459
3592.00000	-39.90548
3612.00000	-39.53112
3631.00000	-37.74427
3651.00000	-33.82709
3671.00000	-25.57222
3691.00000	-28.07955
3711.00000	-35.08748
3731.00000	-38.03104
3751.00000	-33.85005
3770.00000	-38.94093
3790.00000	-37.24904
3810.00000	-32.73566
3830.00000	-26.93131
3850.00000	-25.65358
3870.00000	-34.53964
3889.00000	-37.90134
3909.00000	-39.13385
3929.00000	-38.79433
3949.00000	-37.01189
3969.00000	-32.27686
3989.00000	-23.56758
4008.00000	-21.62986
4028.00000	-31.62788
4048.00000	-36.47266
4068.00000	-38.59689
4088.00000	-39.34996
4108.00000	-38.89877
4127.00000	-37.05938
4147.00000	-33.10021
4167.00000	-23.45398
4187.00000	-29.51197
4207.00000	-35.43959
4227.00000	-38.04134
4246.00000	-38.80064
4266.00000	-38.85589
4286.00000	-37.32714
4306.00000	-34.02726
4326.00000	-26.65760
4346.00000	-27.11260
4366.00000	-34.66760
4385.00000	-37.97434
4405.00000	-39.16743
4425.00000	-39.29925
4445.00000	-37.90881
4465.00000	-33.97205
4485.00000	-27.89860
4504.00000	-25.13018
4524.00000	-33.99932
4544.00000	-37.67366
4564.00000	-39.32956
4584.00000	-39.28264
4604.00000	-37.60226
4623.00000	-33.68551
4643.00000	-24.85582
4663.00000	-22.68967
4683.00000	-30.47154
4703.00000	-35.81210
4723.00000	-38.17441
4742.00000	-38.98722
4762.00000	-38.85270
4782.00000	-37.42568
4802.00000	-34.03066
4822.00000	-26.18796
4842.00000	-28.07974
4862.00000	-35.08981
4881.00000	-38.16692
4901.00000	-39.45206
4921.00000	-39.61047
4941.00000	-38.45682
4961.00000	-35.80129
4981.00000	-29.85159
5000.00000	-25.00688
5020.00000	-33.54539
5040.00000	-37.58236
5060.00000	-39.29470
5080.00000	-39.67830
5100.00000	-38.75051
5119.00000	-36.01687
5139.00000	-29.47417
5159.00000	-24.78704
5179.00000	-31.92149
5199.00000	-36.94883
5219.00000	-39.04286
5238.00000	-39.50822
5258.00000	-38.69847
5278.00000	-36.02400
5298.00000	-29.46331
5318.00000	-27.89373
5338.00000	-27.83453
5358.00000	-35.13818
5377.00000	-37.66304
5397.00000	-39.73108
5417.00000	-39.91791
5437.00000	-39.10751
5457.00000	-36.54070
5477.00000	-31.43665
5496.00000	-24.47029
5516.00000	-32.89233
5536.00000	-37.31170
5556.00000	-39.15091
5576.00000	-39.87693
5596.00000	-39.36408
5615.00000	-37.51137
5635.00000	-33.56343
5655.00000	-25.69356
5675.00000	-30.12189
5695.00000	-36.27670
5715.00000	-38.98717
5734.00000	-40.02972
5754.00000	-39.82304
5774.00000	-38.04110
5794.00000	-33.61622
5814.00000	-28.64718
5834.00000	-28.18172
5854.00000	-35.72565
5873.00000	-38.85780
5893.00000	-39.85139
5913.00000	-39.73552
5933.00000	-38.08388
5953.00000	-33.76915
5973.00000	-32.62480
5992.00000	-24.80029
6012.00000	-32.40928
6032.00000	-37.23388
6052.00000	-39.23179
6072.00000	-40.16282
6092.00000	-39.82858
6111.00000	-38.00582
6131.00000	-34.99093
6151.00000	-27.52916
6171.00000	-30.05816
6191.00000	-36.38638
6211.00000	-39.22002
6230.00000	-40.40107
6250.00000	-40.50263
6270.00000	-39.30425
6290.00000	-36.43023
6310.00000	-30.56537
6330.00000	-27.57468
6349.00000	-35.22266
6369.00000	-38.64613
6389.00000	-40.24507
6409.00000	-40.53876
6429.00000	-39.35636
6449.00000	-36.15702
6469.00000	-30.18360
6488.00000	-27.15129
6508.00000	-34.30775
6528.00000	-38.45494
6548.00000	-40.19152
6568.00000	-40.33474
6588.00000	-39.16888
6607.00000	-36.01489
6627.00000	-35.06700
6647.00000	-27.65852
6667.00000	-31.50617
6687.00000	-37.12978
6707.00000	-39.79595
6726.00000	-40.81034
6746.00000	-40.74002
6766.00000	-39.42801
6786.00000	-36.47332
6806.00000	-30.10035
6826.00000	-29.64940
6845.00000	-36.29271
6865.00000	-39.23248
6885.00000	-40.31280
6905.00000	-40.73766
6925.00000	-39.84738
6945.00000	-37.15206
6965.00000	-31.80375
6984.00000	-28.41691
7004.00000	-35.29159
7024.00000	-39.08221
7044.00000	-40.74319
7064.00000	-40.96699
7084.00000	-39.95290
7103.00000	-36.99006
7123.00000	-31.62998
7143.00000	-28.79807
7163.00000	-35.33362
7183.00000	-39.45710
7203.00000	-41.03417
7222.00000	-41.03161
7242.00000	-39.95411
7262.00000	-36.65080
7282.00000	-35.62779
7302.00000	-28.69491
7322.00000	-33.21497
7341.00000	-38.24784
7361.00000	-40.55752
7381.00000	-41.44546
7401.00000	-41.33756
7421.00000	-40.07309
7441.00000	-36.81410
7461.00000	-30.46147
7480.00000	-32.32040
7500.00000	-37.87665
7520.00000	-40.52462
7540.00000	-41.71946
7560.00000	-41.88888
7580.00000	-40.68558
7599.00000	-38.01398
7619.00000	-32.76738
7639.00000	-31.06217
7659.00000	-37.58792
7679.00000	-40.68095
7699.00000	-42.06668
7718.00000	-42.14557
7738.00000	-41.04950
7758.00000	-37.94567
7778.00000	-33.22791
7798.00000	-31.34435
7818.00000	-37.84453
7837.00000	-41.12854
7857.00000	-42.44375
7877.00000	-39.17875
7897.00000	-41.06543
7917.00000	-37.74066
7937.00000	-36.67053
7957.00000	-30.64656
7976.00000	-36.35431
7996.00000	-40.39660
8016.00000	-41.92333
8036.00000	-43.44506
8056.00000	-43.02842
8076.00000	-41.70787
8095.00000	-38.34885
8115.00000	-32.26728
8135.00000	-35.15678
8155.00000	-40.29042
8175.00000	-42.67150
8195.00000	-43.71889
8214.00000	-43.57821
8234.00000	-42.12013
8254.00000	-39.69444
8274.00000	-34.44939
8294.00000	-34.19671
8314.00000	-40.18549
8333.00000	-42.83218
8353.00000	-43.79506
8373.00000	-43.86616
8393.00000	-42.88209
8413.00000	-39.72080
8433.00000	-35.26254
8453.00000	-34.59169
8472.00000	-40.51646
8492.00000	-42.94038
8512.00000	-44.13946
8532.00000	-44.19279
8552.00000	-42.93310
8572.00000	-39.39613
8591.00000	-34.54872
8611.00000	-32.63835
8631.00000	-38.77101
8651.00000	-40.52689
8671.00000	-44.27940
8691.00000	-44.86345
8710.00000	-44.14843
8730.00000	-42.60462
8750.00000	-39.69337
8770.00000	-34.26387
8790.00000	-38.21408
8810.00000	-42.74438
8829.00000	-44.66699
8849.00000	-43.94578
8869.00000	-44.82210
8889.00000	-43.58265
8909.00000	-41.02702
8929.00000	-35.86155
8948.00000	-37.98432
8968.00000	-42.30709
8988.00000	-40.25693
9008.00000	-44.05707
9028.00000	-45.18330
9048.00000	-43.82532
9068.00000	-41.02334
9087.00000	-37.23363
9107.00000	-38.03455
9127.00000	-42.94110
9147.00000	-45.02730
9167.00000	-45.57671
9187.00000	-45.53987
9206.00000	-43.95588
9226.00000	-40.42551
9246.00000	-37.64074
9266.00000	-36.97557
9286.00000	-42.09830
9306.00000	-44.92996
9325.00000	-45.93752
9345.00000	-46.45764
9365.00000	-45.06233
9385.00000	-43.96744
9405.00000	-40.05550
9425.00000	-36.98360
9444.00000	-42.10781
9464.00000	-44.67527
9484.00000	-46.27133
9504.00000	-46.46467
9524.00000	-45.66430
9544.00000	-44.44078
9564.00000	-40.78521
9583.00000	-37.34115
9603.00000	-41.97523
9623.00000	-44.93682
9643.00000	-44.23567
9663.00000	-46.28714
9683.00000	-46.00755
9702.00000	-44.29573
9722.00000	-41.17024
9742.00000	-38.67087
9762.00000	-42.98730
9782.00000	-45.71011
9802.00000	-46.77988
9821.00000	-46.91592
9841.00000	-46.05948
9861.00000	-44.00211
9881.00000	-40.18825
9901.00000	-40.49326
9921.00000	-44.40042
9940.00000	-45.61528
9960.00000	-46.77052
9980.00000	-46.80407
10000.00000	-46.65546
 0.00000	-46.28365
